>> p0_0_2(5)

k =

     5

>> p0_0_2(6)

k =

     8

>> p0_0_2(7)

k =

    13