
>> p0_0_3

a =

   1.0e+18 *

  1 至 13 列

    0.0000    0.0000    0.0000    0.0000    0.0000    0.0000    0.0000    0.0000    0.0000    0.0000    0.0000    0.0000    0.0000

  14 至 26 列

    0.0000    0.0000    0.0000    0.0000    0.0000    0.0000    0.0000    0.0000    0.0000    0.0000    0.0000    0.0000    0.0000

  27 至 39 列

    0.0000    0.0000    0.0000    0.0000    0.0000    0.0000    0.0000    0.0000    0.0000    0.0000    0.0000    0.0000    0.0000

  40 至 52 列

    0.0000    0.0000    0.0000    0.0000    0.0000    0.0000    0.0000    0.0001    0.0001    0.0003    0.0006    0.0011    0.0023

  53 至 64 列

    0.0045    0.0090    0.0180    0.0360    0.0721    0.1441    0.2882    0.5765    1.1529    2.3058    4.6117    9.2234


ss =

   1.8447e+19


s =

   1.8447e+19
