>> p0_0_1

a =

     1     2     3     4     5     6     7     8     9    10    11    12    13    14    15    16    17    18    19    20


a =

   1.0e+18 *

  1 至 13 列

    0.0000    0.0000    0.0000    0.0000    0.0000    0.0000    0.0000    0.0000    0.0000    0.0000    0.0000    0.0000    0.0000

  14 至 20 列

    0.0000    0.0000    0.0000    0.0004    0.0064    0.1216    2.4329


ans =

   2.5613e+18

>> 